7
2
-7
-8
-11
-4
-12
-29
-33
-51
-66
-48
-59
-62
-77
-71
-54
-57
-38
-32
-28
-43
-25
-39
-31
-42
-49
-64
-45
-46
-36
-18
-19
-14
-26
-15
-20
-3
6
-6
1
20
11
28
40
25
13
24
38
22
9
16
21
15
35
34
42
29
23
14
18
41
36
31
12
32
26
47
43
55
65
64
80
95
83
66
63
72
53
50
57
52
45
37
39
46
62
60
73
86
106
91
81
76
75
82
67
85
88
87
103
90
89
79
94
77
59
48
49
51
58
70
56
78
92
97
84
68
93
113
115
125
141
122
121
114
117
120
130
134
150
162
170
177
165
164
157
176
172
183
201
186
198
209
199
192
204
188
190
185
180
194
203
217
236
247
253
266
280
294
288
279
270
259
254
249
264
257
258
241
248
233
226
238
232
219
200
210
215
214
220
240
228
221
239
222
207
196
212
224
237
216
225
234
245
243
230
229
223
227
211
213
208
231
218
206
187
189
191
179
173
174
153
137
119
124
142
146
135
152
155
161
160
156
138
140
136
133
118
112
111
98
108
123
129
149
167
158
169
166
148
132
131
151
144
163
139
159
171
193
178
202
181
184
197
182
205
242
251
269
272
261
281
285
300
314
309
316
310
319
317
308
320
331
313
321
306
322
315
326
337
338
330
336
328
346
325
334
327
339
343
356
371
376
366
362
372
369
393
379
389
396
385
365
384
390
397
409
410
411
404
405
425
450
436
416
401
382
359
345
354
324
311
298
278
289
304
301
292
305
293
283
274
276
295
287
290
284
302
297
312
296
286
271
265
260
250
268
252
277
262
244
256
275
263
267
273
282
255
195
147
143
145
128
116
127
109
100
105
99
71
74
61
96
101
126
104
69
54
27
17
8
-56
-65
-55
-58
-83
-74
-88
-171
-160
-99
-107
-115
-103
-53
-73
-238
-231
-296
-299
-304
-23
33
154
-55310
-55302
-55311
-55326
-55329
-55345
-55335
-55346
-55337
-55332
-55328
-55321
-55341
-55356
-55357
-55367
-55378
-55366
-55377
-55361
-55340
-55343
-55339
-55338
-55347
-55349
-55355
-55362
-55353
-55364
-55365
-55369
-55354
-55358
-55371
-55372
-55373
-55363
-55380
-55395
-55412
-55401
-55392
-55389
-55398
-55385
-55383
-55386
-55403
-55384
-55400
-55404
-55396
-55399
-55394
-55406
-55390
-55382
-55397
-55416
-55424
-55427
-55440
-55445
-55461
-55458
-55456
-55446
-55451
-55449
-55435
-55425
-55417
-55428
-55426
-55432
-55423
-55415
-55408
-55402
-55405
-55411
-55422
-55410
-55433
-55444
-55431
-55409
-55391
-55370
-55352
-55333
-55327
-55330
-55325
-55308
-55301
-55305
-55292
-55297
-55284
-55266
-55256
-55263
-55251
-55240
-55250
-55257
-55243
-55237
-55253
-55233
-55217
-55218
-55212
-55226
-55211
-55213
-55238
-55225
-55186
-55197
-55206
-55172
-55232
-55246
-55268
-55295
-55307
-55317
-55314
-55294
-55291
-55283
-55276
-55286
-55300
-55288
-55279
-55285
-55277
-55296
-55306
-55322
-55336
-55320
-55324
-55344
-55334
-55351
-55360
-55375
-55359
-55348
-55368
-55379
-55393
-55421
-55437
-55439
-55418
-55436
-55419
-55414
-55420
-55438
-55453
-55467
-55452
-55441
-55457
-55462
-55443
-55455
-55470
-55471
-55460
-55476
-55465
-55450
-55469
-55466
-55475
-55477
-55486
-55485
-55490
-55483
-55472
-55448
-55434
-55430
-55413
-55459
-55464
-55481
-55489
-55499
-55511
-55516
-55506
-55503
-55494
-55480
-55473
-55479
-55495
-55478
-55496
-55482
-55492
-55474
-55491
-55502
-55519
-55531
-55546
-55548
-55552
-55561
-55574
-55564
-55560
-55563
-55572
-55577
-55570
-55559
-55576
-55597
-55588
-55571
-55554
-55541
-55529
-55532
-55535
-55517
-55522
-55510
-55500
-55497
-55487
-55463
-55442
-55429
-55407
-55388
-55316
-55309
-55298
-55313
-55318
-55312
-55229
-55221
-55374
-55350
-55342
-55303
-55260
-55525
-55542
-55524
-55528
-55540
-55533
-55537
-55539
-55521
-55509
-55498
-55505
-55514
-55518
-55508
-55493
-55468
-55488
-55504
-55526
-55547
-55558
-55556
-55543
-55523
-55513
-55501
-55507
-55530
-55527
-55544
-55551
-55536
-55555
-55565
-55573
-55575
-55583
-55585
-55591
-55586
-55579
-55584
-55587
-55590
-55605
-55601
-55596
-55581
-55593
-55609
-55622
-55607
-55611
-55620
-55608
-55616
-55614
-55595
-55599
-55598
-55621
-55630
-55640
-55642
-55637
-55647
-55645
-55648
-55658
-55673
-55654
-55661
-55670
-55687
-55677
-55695
-55679
-55693
-55686
-55696
-55684
-55681
-55688
-55676
-55655
-55660
-55671
-55678
-55675
-55664
-55680
-55665
-55651
-55634
-55626
-55628
-55629
-55610
-55600
-55589
-55567
-55568
-55550
-55538
-55557
-55562
-55545
-55549
-55553
-55534
-55580
-55602
-55613
-55594
-55606
-55625
-55636
-55653
-55668
-55710
-55721
-55725
-55705
-55699
-55737
-55729
-55787
-55782
-55793
-55853
-55860
-55921
-55926
-55890
-55972
-55975
-56010
-56021
-55988
-56039
-56056
-56047
-56324
-56073
-111074
-111071
-111082
-111081
-111068
-111065
-111080
-111079
-111077
-111070
-111086
-111073
-111064
-111046
-111047
-111057
-111052
-111035
-111044
-111042
-111032
-111014
-110995
-110992
-111001
-111019
-111023
-111017
-111030
-111024
-111005
-110990
-110976
-110989
-110972
-110958
-110961
-110968
-110984
-110993
-110977
-110982
-110994
-110975
-110959
-110974
-110962
-110967
-110960
-110980
-110986
-110987
-110981
-110988
-110971
-110949
-110942
-110955
-110947
-110931
-110917
-110935
-110923
-110927
-110928
-110918
-110933
-110919
-110908
-110899
-110913
-110916
-110906
-110914
-110922
-110938
-110920
-110924
-110907
-110910
-110932
-110950
-110970
-110951
-110957
-110943
-110944
-110940
-110925
-110929
-110905
-110936
-110946
-110939
-110963
-110964
-110956
-110952
-110973
-110965
-110969
-110985
-110983
-110979
-110997
-110991
-110996
-111015
-111021
-111026
-111039
-111022
-111007
-111012
-111008
-111006
-111025
-111013
-111029
-111037
-111048
-111045
-111031
-111036
-111028
-111011
-111016
-111027
-111004
-111002
-111020
-111050
-111061
-111056
-111041
-111055
-111072
-111059
-111040
-111038
-111053
-111060
-111078
-111092
-111095
-111097
-111103
-111115
-111114
-111094
-111089
-111087
-111090
-111110
-111113
-111104
-111119
-111123
-111129
-111127
-111124
-111105
-111088
-111091
-111109
-111126
-111146
-111132
-111130
-111148
-111135
-111122
-111143
-111156
-111160
-111178
-111167
-111166
-111163
-111153
-111168
-111172
-111179
-111181
-111197
-111208
-111218
-111223
-111217
-111216
-111228
-111236
-111241
-111251
-111250
-111245
-111230
-111244
-111249
-111252
-111266
-111247
406
